 36
  1   4    1       1       2       6       5 
  2   4    1       2       3       7       6 
  3   4    1       3       4       8       7 
  4   4    1       5       6      10       9 
  5   4    1       6       7      11      10 
  6   4    1       7       8      12      11 
  7   4    1       9      10      14      13 
  8   4    1      10      11      15      14 
  9   4    1      11      12      16      15 
 10   4    1      13      14      18      17 
 11   4    1      14      15      19      18 
 12   4    1      15      16      20      19 
 13   4    1      17      18      22      21 
 14   4    1      18      19      23      22 
 15   4    1      19      20      24      23 
 16   4    1      21      22      26      25 
 17   4    1      22      23      27      26 
 18   4    1      23      24      28      27 
 19   4    1       1       5      30      29 
 20   4    1       5       9      31      30 
 21   4    1       9      13      32      31 
 22   4    1      13      17      33      32 
 23   4    1      17      21      34      33 
 24   4    1      21      25      35      34 
 25   4    1      29      30      37      36 
 26   4    1      30      31      38      37 
 27   4    1      31      32      39      38 
 28   4    1      32      33      40      39 
 29   4    1      33      34      41      40 
 30   4    1      34      35      42      41 
 31   4    1      36      37      44      43 
 32   4    1      37      38      45      44 
 33   4    1      38      39      46      45 
 34   4    1      39      40      47      46 
 35   4    1      40      41      48      47 
 36   4    1      41      42      49      48 
    1         35.3553         35.3553
    2        43.30122        24.99997
    3        48.29624        12.94094
    4            50.0             0.0
    5        62.79608        62.79608
    6        69.41768        43.05553
    7        73.58018        21.89523
    8            75.0             0.0
    9        90.23688        90.23688
   10        95.53416        61.11111
   11        98.86415        30.84952
   12           100.0             0.0
   13        117.6777        117.6777
   14        121.6506        79.16665
   15        124.1481        39.80381
   16           125.0             0.0
   17        145.1184        145.1184
   18        147.7671        97.22221
   19         149.432        48.75809
   20           150.0             0.0
   21        172.5592        172.5592
   22        173.8835        115.2778
   23        174.7161        57.71238
   24           175.0             0.0
   25           200.0           200.0
   26           200.0        133.3333
   27           200.0        66.66667
   28           200.0             0.0
   29            25.0        43.30127
   30        43.05553        69.41769
   31         61.1111        95.53416
   32        79.16666        121.6506
   33        97.22223        147.7671
   34        115.2778        173.8835
   35        133.3333           200.0
   36        12.94095        48.29629
   37        21.89523        73.58024
   38        30.84952        98.86418
   39        39.80381        124.1481
   40         48.7581        149.4321
   41        57.71238        174.7161
   42        66.66667           200.0
   43             0.0            50.0
   44             0.0            75.0
   45             0.0           100.0
   46             0.0           125.0
   47             0.0           150.0
   48             0.0           175.0
   49             0.0           200.0