 400   
       1   4   1       1       2      23      22
      2   4   1       2       3      24      23
      3   4   1       3       4      25      24
      4   4   1       4       5      26      25
      5   4   1       5       6      27      26
      6   4   1       6       7      28      27
      7   4   1       7       8      29      28
      8   4   1       8       9      30      29
      9   4   1       9      10      31      30
     10   4   1      10      11      32      31
     11   4   1      11      12      33      32
     12   4   1      12      13      34      33
     13   4   1      13      14      35      34
     14   4   1      14      15      36      35
     15   4   1      15      16      37      36
     16   4   1      16      17      38      37
     17   4   1      17      18      39      38
     18   4   1      18      19      40      39
     19   4   1      19      20      41      40
     20   4   1      20      21      42      41
     21   4   1      22      23      44      43
     22   4   1      23      24      45      44
     23   4   1      24      25      46      45
     24   4   1      25      26      47      46
     25   4   1      26      27      48      47
     26   4   1      27      28      49      48
     27   4   1      28      29      50      49
     28   4   1      29      30      51      50
     29   4   1      30      31      52      51
     30   4   1      31      32      53      52
     31   4   1      32      33      54      53
     32   4   1      33      34      55      54
     33   4   1      34      35      56      55
     34   4   1      35      36      57      56
     35   4   1      36      37      58      57
     36   4   1      37      38      59      58
     37   4   1      38      39      60      59
     38   4   1      39      40      61      60
     39   4   1      40      41      62      61
     40   4   1      41      42      63      62
     41   4   1      43      44      65      64
     42   4   1      44      45      66      65
     43   4   1      45      46      67      66
     44   4   1      46      47      68      67
     45   4   1      47      48      69      68
     46   4   1      48      49      70      69
     47   4   1      49      50      71      70
     48   4   1      50      51      72      71
     49   4   1      51      52      73      72
     50   4   1      52      53      74      73
     51   4   1      53      54      75      74
     52   4   1      54      55      76      75
     53   4   1      55      56      77      76
     54   4   1      56      57      78      77
     55   4   1      57      58      79      78
     56   4   1      58      59      80      79
     57   4   1      59      60      81      80
     58   4   1      60      61      82      81
     59   4   1      61      62      83      82
     60   4   1      62      63      84      83
     61   4   1      64      65      86      85
     62   4   1      65      66      87      86
     63   4   1      66      67      88      87
     64   4   1      67      68      89      88
     65   4   1      68      69      90      89
     66   4   1      69      70      91      90
     67   4   1      70      71      92      91
     68   4   1      71      72      93      92
     69   4   1      72      73      94      93
     70   4   1      73      74      95      94
     71   4   1      74      75      96      95
     72   4   1      75      76      97      96
     73   4   1      76      77      98      97
     74   4   1      77      78      99      98
     75   4   1      78      79     100      99
     76   4   1      79      80     101     100
     77   4   1      80      81     102     101
     78   4   1      81      82     103     102
     79   4   1      82      83     104     103
     80   4   1      83      84     105     104
     81   4   1      85      86     107     106
     82   4   1      86      87     108     107
     83   4   1      87      88     109     108
     84   4   1      88      89     110     109
     85   4   1      89      90     111     110
     86   4   1      90      91     112     111
     87   4   1      91      92     113     112
     88   4   1      92      93     114     113
     89   4   1      93      94     115     114
     90   4   1      94      95     116     115
     91   4   1      95      96     117     116
     92   4   1      96      97     118     117
     93   4   1      97      98     119     118
     94   4   1      98      99     120     119
     95   4   1      99     100     121     120
     96   4   1     100     101     122     121
     97   4   1     101     102     123     122
     98   4   1     102     103     124     123
     99   4   1     103     104     125     124
    100   4   1     104     105     126     125
    101   4   1     106     107     128     127
    102   4   1     107     108     129     128
    103   4   1     108     109     130     129
    104   4   1     109     110     131     130
    105   4   1     110     111     132     131
    106   4   1     111     112     133     132
    107   4   1     112     113     134     133
    108   4   1     113     114     135     134
    109   4   1     114     115     136     135
    110   4   1     115     116     137     136
    111   4   1     116     117     138     137
    112   4   1     117     118     139     138
    113   4   1     118     119     140     139
    114   4   1     119     120     141     140
    115   4   1     120     121     142     141
    116   4   1     121     122     143     142
    117   4   1     122     123     144     143
    118   4   1     123     124     145     144
    119   4   1     124     125     146     145
    120   4   1     125     126     147     146
    121   4   1     127     128     149     148
    122   4   1     128     129     150     149
    123   4   1     129     130     151     150
    124   4   1     130     131     152     151
    125   4   1     131     132     153     152
    126   4   1     132     133     154     153
    127   4   1     133     134     155     154
    128   4   1     134     135     156     155
    129   4   1     135     136     157     156
    130   4   1     136     137     158     157
    131   4   1     137     138     159     158
    132   4   1     138     139     160     159
    133   4   1     139     140     161     160
    134   4   1     140     141     162     161
    135   4   1     141     142     163     162
    136   4   1     142     143     164     163
    137   4   1     143     144     165     164
    138   4   1     144     145     166     165
    139   4   1     145     146     167     166
    140   4   1     146     147     168     167
    141   4   1     148     149     170     169
    142   4   1     149     150     171     170
    143   4   1     150     151     172     171
    144   4   1     151     152     173     172
    145   4   1     152     153     174     173
    146   4   1     153     154     175     174
    147   4   1     154     155     176     175
    148   4   1     155     156     177     176
    149   4   1     156     157     178     177
    150   4   1     157     158     179     178
    151   4   1     158     159     180     179
    152   4   1     159     160     181     180
    153   4   1     160     161     182     181
    154   4   1     161     162     183     182
    155   4   1     162     163     184     183
    156   4   1     163     164     185     184
    157   4   1     164     165     186     185
    158   4   1     165     166     187     186
    159   4   1     166     167     188     187
    160   4   1     167     168     189     188
    161   4   1     169     170     191     190
    162   4   1     170     171     192     191
    163   4   1     171     172     193     192
    164   4   1     172     173     194     193
    165   4   1     173     174     195     194
    166   4   1     174     175     196     195
    167   4   1     175     176     197     196
    168   4   1     176     177     198     197
    169   4   1     177     178     199     198
    170   4   1     178     179     200     199
    171   4   1     179     180     201     200
    172   4   1     180     181     202     201
    173   4   1     181     182     203     202
    174   4   1     182     183     204     203
    175   4   1     183     184     205     204
    176   4   1     184     185     206     205
    177   4   1     185     186     207     206
    178   4   1     186     187     208     207
    179   4   1     187     188     209     208
    180   4   1     188     189     210     209
    181   4   1     190     191     212     211
    182   4   1     191     192     213     212
    183   4   1     192     193     214     213
    184   4   1     193     194     215     214
    185   4   1     194     195     216     215
    186   4   1     195     196     217     216
    187   4   1     196     197     218     217
    188   4   1     197     198     219     218
    189   4   1     198     199     220     219
    190   4   1     199     200     221     220
    191   4   1     200     201     222     221
    192   4   1     201     202     223     222
    193   4   1     202     203     224     223
    194   4   1     203     204     225     224
    195   4   1     204     205     226     225
    196   4   1     205     206     227     226
    197   4   1     206     207     228     227
    198   4   1     207     208     229     228
    199   4   1     208     209     230     229
    200   4   1     209     210     231     230
    201   4   1     211     212     233     232
    202   4   1     212     213     234     233
    203   4   1     213     214     235     234
    204   4   1     214     215     236     235
    205   4   1     215     216     237     236
    206   4   1     216     217     238     237
    207   4   1     217     218     239     238
    208   4   1     218     219     240     239
    209   4   1     219     220     241     240
    210   4   1     220     221     242     241
    211   4   1     221     222     243     242
    212   4   1     222     223     244     243
    213   4   1     223     224     245     244
    214   4   1     224     225     246     245
    215   4   1     225     226     247     246
    216   4   1     226     227     248     247
    217   4   1     227     228     249     248
    218   4   1     228     229     250     249
    219   4   1     229     230     251     250
    220   4   1     230     231     252     251
    221   4   1     232     233     254     253
    222   4   1     233     234     255     254
    223   4   1     234     235     256     255
    224   4   1     235     236     257     256
    225   4   1     236     237     258     257
    226   4   1     237     238     259     258
    227   4   1     238     239     260     259
    228   4   1     239     240     261     260
    229   4   1     240     241     262     261
    230   4   1     241     242     263     262
    231   4   1     242     243     264     263
    232   4   1     243     244     265     264
    233   4   1     244     245     266     265
    234   4   1     245     246     267     266
    235   4   1     246     247     268     267
    236   4   1     247     248     269     268
    237   4   1     248     249     270     269
    238   4   1     249     250     271     270
    239   4   1     250     251     272     271
    240   4   1     251     252     273     272
    241   4   1     253     254     275     274
    242   4   1     254     255     276     275
    243   4   1     255     256     277     276
    244   4   1     256     257     278     277
    245   4   1     257     258     279     278
    246   4   1     258     259     280     279
    247   4   1     259     260     281     280
    248   4   1     260     261     282     281
    249   4   1     261     262     283     282
    250   4   1     262     263     284     283
    251   4   1     263     264     285     284
    252   4   1     264     265     286     285
    253   4   1     265     266     287     286
    254   4   1     266     267     288     287
    255   4   1     267     268     289     288
    256   4   1     268     269     290     289
    257   4   1     269     270     291     290
    258   4   1     270     271     292     291
    259   4   1     271     272     293     292
    260   4   1     272     273     294     293
    261   4   1     274     275     296     295
    262   4   1     275     276     297     296
    263   4   1     276     277     298     297
    264   4   1     277     278     299     298
    265   4   1     278     279     300     299
    266   4   1     279     280     301     300
    267   4   1     280     281     302     301
    268   4   1     281     282     303     302
    269   4   1     282     283     304     303
    270   4   1     283     284     305     304
    271   4   1     284     285     306     305
    272   4   1     285     286     307     306
    273   4   1     286     287     308     307
    274   4   1     287     288     309     308
    275   4   1     288     289     310     309
    276   4   1     289     290     311     310
    277   4   1     290     291     312     311
    278   4   1     291     292     313     312
    279   4   1     292     293     314     313
    280   4   1     293     294     315     314
    281   4   1     295     296     317     316
    282   4   1     296     297     318     317
    283   4   1     297     298     319     318
    284   4   1     298     299     320     319
    285   4   1     299     300     321     320
    286   4   1     300     301     322     321
    287   4   1     301     302     323     322
    288   4   1     302     303     324     323
    289   4   1     303     304     325     324
    290   4   1     304     305     326     325
    291   4   1     305     306     327     326
    292   4   1     306     307     328     327
    293   4   1     307     308     329     328
    294   4   1     308     309     330     329
    295   4   1     309     310     331     330
    296   4   1     310     311     332     331
    297   4   1     311     312     333     332
    298   4   1     312     313     334     333
    299   4   1     313     314     335     334
    300   4   1     314     315     336     335
    301   4   1     316     317     338     337
    302   4   1     317     318     339     338
    303   4   1     318     319     340     339
    304   4   1     319     320     341     340
    305   4   1     320     321     342     341
    306   4   1     321     322     343     342
    307   4   1     322     323     344     343
    308   4   1     323     324     345     344
    309   4   1     324     325     346     345
    310   4   1     325     326     347     346
    311   4   1     326     327     348     347
    312   4   1     327     328     349     348
    313   4   1     328     329     350     349
    314   4   1     329     330     351     350
    315   4   1     330     331     352     351
    316   4   1     331     332     353     352
    317   4   1     332     333     354     353
    318   4   1     333     334     355     354
    319   4   1     334     335     356     355
    320   4   1     335     336     357     356
    321   4   1     337     338     359     358
    322   4   1     338     339     360     359
    323   4   1     339     340     361     360
    324   4   1     340     341     362     361
    325   4   1     341     342     363     362
    326   4   1     342     343     364     363
    327   4   1     343     344     365     364
    328   4   1     344     345     366     365
    329   4   1     345     346     367     366
    330   4   1     346     347     368     367
    331   4   1     347     348     369     368
    332   4   1     348     349     370     369
    333   4   1     349     350     371     370
    334   4   1     350     351     372     371
    335   4   1     351     352     373     372
    336   4   1     352     353     374     373
    337   4   1     353     354     375     374
    338   4   1     354     355     376     375
    339   4   1     355     356     377     376
    340   4   1     356     357     378     377
    341   4   1     358     359     380     379
    342   4   1     359     360     381     380
    343   4   1     360     361     382     381
    344   4   1     361     362     383     382
    345   4   1     362     363     384     383
    346   4   1     363     364     385     384
    347   4   1     364     365     386     385
    348   4   1     365     366     387     386
    349   4   1     366     367     388     387
    350   4   1     367     368     389     388
    351   4   1     368     369     390     389
    352   4   1     369     370     391     390
    353   4   1     370     371     392     391
    354   4   1     371     372     393     392
    355   4   1     372     373     394     393
    356   4   1     373     374     395     394
    357   4   1     374     375     396     395
    358   4   1     375     376     397     396
    359   4   1     376     377     398     397
    360   4   1     377     378     399     398
    361   4   1     379     380     401     400
    362   4   1     380     381     402     401
    363   4   1     381     382     403     402
    364   4   1     382     383     404     403
    365   4   1     383     384     405     404
    366   4   1     384     385     406     405
    367   4   1     385     386     407     406
    368   4   1     386     387     408     407
    369   4   1     387     388     409     408
    370   4   1     388     389     410     409
    371   4   1     389     390     411     410
    372   4   1     390     391     412     411
    373   4   1     391     392     413     412
    374   4   1     392     393     414     413
    375   4   1     393     394     415     414
    376   4   1     394     395     416     415
    377   4   1     395     396     417     416
    378   4   1     396     397     418     417
    379   4   1     397     398     419     418
    380   4   1     398     399     420     419
    381   4   1     400     401     422     421
    382   4   1     401     402     423     422
    383   4   1     402     403     424     423
    384   4   1     403     404     425     424
    385   4   1     404     405     426     425
    386   4   1     405     406     427     426
    387   4   1     406     407     428     427
    388   4   1     407     408     429     428
    389   4   1     408     409     430     429
    390   4   1     409     410     431     430
    391   4   1     410     411     432     431
    392   4   1     411     412     433     432
    393   4   1     412     413     434     433
    394   4   1     413     414     435     434
    395   4   1     414     415     436     435
    396   4   1     415     416     437     436
    397   4   1     416     417     438     437
    398   4   1     417     418     439     438
    399   4   1     418     419     440     439
    400   4   1     419     420     441     440
         1        49.99995   -1.092784e-06    
      2            57.5             0.0    
      3            65.0             0.0    
      4            72.5             0.0    
      5            80.0             0.0    
      6            87.5             0.0    
      7            95.0             0.0    
      8           102.5             0.0    
      9           110.0             0.0    
     10           117.5             0.0    
     11           125.0             0.0    
     12           132.5             0.0    
     13           140.0             0.0    
     14           147.5             0.0    
     15           155.0             0.0    
     16           162.5             0.0    
     17           170.0             0.0    
     18           177.5             0.0    
     19           185.0             0.0    
     20           192.5             0.0    
     21           200.0             0.0    
     22        49.84581        3.922951    
     23        57.35357        4.726804    
     24        64.86128        5.530657    
     25        72.36899        6.334509    
     26        79.87669        7.138362    
     27         87.3844        7.942214    
     28        94.89211        8.746065    
     29        102.3998         9.54992    
     30        109.9075        10.35377    
     31        117.4152        11.15763    
     32        124.9229        11.96148    
     33        132.4306        12.76533    
     34        139.9384        13.56918    
     35         147.446        14.37303    
     36        154.9537        15.17688    
     37        162.4615        15.98074    
     38        169.9692        16.78458    
     39        177.4769        17.58844    
     40        184.9846         18.3923    
     41        192.4923        19.19615    
     42           200.0            20.0    
     43        49.38437        7.821714    
     44        56.91518        9.430626    
     45        64.44596        11.03954    
     46        71.97675        12.64846    
     47        79.50752        14.25737    
     48         87.0383        15.86628    
     49        94.56909         17.4752    
     50        102.0999        19.08412    
     51        109.6306        20.69302    
     52        117.1614        22.30194    
     53        124.6922        23.91086    
     54         132.223        25.51977    
     55        139.7538        27.12869    
     56        147.2845         28.7376    
     57        154.8153        30.34651    
     58        162.3461        31.95543    
     59        169.8769        33.56433    
     60        177.4077        35.17325    
     61        184.9384        36.78217    
     62        192.4692        38.39108    
     63           200.0            40.0    
     64        48.61844        11.67226    
     65        56.18755        14.08864    
     66        63.75664        16.50503    
     67        71.32571        18.92142    
     68        78.89479        21.33781    
     69        86.46387        23.75419    
     70        94.03294        26.17058    
     71         101.602        28.58697    
     72        109.1711        31.00336    
     73        116.7402        33.41974    
     74        124.3092        35.83612    
     75        131.8783        38.25252    
     76        139.4474        40.66891    
     77        147.0164        43.08529    
     78        154.5855        45.50168    
     79        162.1546        47.91806    
     80        169.7237        50.33445    
     81        177.2928        52.75084    
     82        184.8618        55.16723    
     83        192.4309        57.58362    
     84           200.0            60.0    
     85        47.55278        15.45083    
     86        55.17517        18.67829    
     87        62.79754        21.90575    
     88        70.41988        25.13321    
     89        78.04224        28.36066    
     90        85.66458        31.58812    
     91        93.28694        34.81557    
     92        100.9093        38.04305    
     93        108.5317        41.27049    
     94         116.154        44.49796    
     95        123.7764        47.72542    
     96        131.3988        50.95287    
     97        139.0211        54.18033    
     98        146.6435        57.40779    
     99        154.2658        60.63525    
    100        161.8882        63.86271    
    101        169.5106        67.09015    
    102        177.1329        70.31762    
    103        184.7553        73.54509    
    104        192.3777        76.77255    
    105           200.0            80.0    
    106        46.19393        19.13415    
    107        53.88425        23.17744    
    108        61.57457        27.22074    
    109        69.26485        31.26402    
    110        76.95515        35.30732    
    111        84.64546        39.35061    
    112        92.33575        43.39389    
    113        100.0261         47.4372    
    114        107.7164         51.4805    
    115        115.4067        55.52378    
    116         123.097        59.56707    
    117        130.7873        63.61037    
    118        138.4776        67.65366    
    119        146.1679        71.69696    
    120        153.8582        75.74023    
    121        161.5485        79.78354    
    122        169.2388        83.82682    
    123        176.9291        87.87012    
    124        184.6194        91.91342    
    125        192.3097        95.95671    
    126           200.0           100.0    
    127        44.55028         22.6995    
    128        52.32278        27.56452    
    129        60.09527        32.42955    
    130        67.86775        37.29458    
    131        75.64025        42.15961    
    132        83.41272        47.02462    
    133        91.18521        51.88965    
    134        98.95769        56.75468    
    135        106.7302        61.61971    
    136        114.5027        66.48473    
    137        122.2752        71.34974    
    138        130.0476        76.21479    
    139        137.8201         81.0798    
    140        145.5926        85.94483    
    141        153.3651        90.80985    
    142        161.1376        95.67487    
    143          168.91        100.5399    
    144        176.6825        105.4049    
    145         184.455          110.27    
    146        192.2275         115.135    
    147           200.0           120.0    
    148        42.63196         26.1249    
    149        50.50037        31.81864    
    150        58.36878        37.51241    
    151        66.23717        43.20616    
    152        74.10559        48.89992    
    153        81.97398        54.59368    
    154        89.84238        60.28742    
    155        97.71079        65.98119    
    156        105.5792        71.67495    
    157        113.4476         77.3687    
    158         121.316        83.06245    
    159        129.1844         88.7562    
    160        137.0528        94.44994    
    161        144.9212        100.1437    
    162        152.7896        105.8375    
    163         160.658        111.5312    
    164        168.5264         117.225    
    165        176.3948        122.9187    
    166        184.2632        128.6125    
    167        192.1316        134.3062    
    168           200.0           140.0    
    169        40.45081        29.38923    
    170        48.42827        35.91977    
    171        56.40573        42.45031    
    172        64.38319        48.98084    
    173        72.36066        55.51138    
    174        80.33812        62.04192    
    175        88.31558        68.57246    
    176        96.29305        75.10302    
    177        104.2705        81.63353    
    178        112.2479        88.16408    
    179        120.2254        94.69462    
    180        128.2029        101.2252    
    181        136.1803        107.7557    
    182        144.1578        114.2862    
    183        152.1352        120.8168    
    184        160.1127        127.3473    
    185        168.0901        133.8778    
    186        176.0676        140.4084    
    187        184.0451        146.9389    
    188        192.0225        153.4695    
    189           200.0           160.0    
    190        38.02026        32.47237    
    191        46.11924        39.84873    
    192        54.21824        47.22514    
    193        62.31722        54.60151    
    194        70.41621         61.9779    
    195        78.51519        69.35429    
    196        86.61417        76.73066    
    197        94.71318        84.10706    
    198        102.8122        91.48343    
    199        110.9111         98.8598    
    200        119.0101        106.2362    
    201        127.1091        113.6126    
    202        135.2081         120.989    
    203        143.3071        128.3653    
    204        151.4061        135.7417    
    205        159.5051        143.1181    
    206         167.604        150.4945    
    207         175.703        157.8708    
    208         183.802        165.2473    
    209         191.901        172.6236    
    210           200.0           180.0    
    211         35.3553         35.3553    
    212        43.58752        43.58752    
    213        51.81978        51.81978    
    214          60.052          60.052    
    215        68.28424        68.28424    
    216        76.51647        76.51647    
    217         84.7487         84.7487    
    218        92.98094        92.98094    
    219        101.2132        101.2132    
    220        109.4454        109.4454    
    221        117.6776        117.6776    
    222        125.9099        125.9099    
    223        134.1421        134.1421    
    224        142.3743        142.3743    
    225        150.6066        150.6066    
    226        158.8388        158.8388    
    227         167.071         167.071    
    228        175.3033        175.3033    
    229        183.5355        183.5355    
    230        191.7677        191.7677    
    231           200.0           200.0    
    232         32.4724         38.0203    
    233        39.84875        46.11924    
    234        47.22514        54.21824    
    235        54.60152        62.31721    
    236         61.9779        70.41621    
    237        69.35426         78.5152    
    238        76.73065        86.61417    
    239        84.10704        94.71317    
    240         91.4834        102.8121    
    241        98.85981        110.9111    
    242        106.2362        119.0101    
    243        113.6125        127.1091    
    244        120.9889        135.2081    
    245        128.3653        143.3071    
    246        135.7417        151.4061    
    247        143.1181        159.5051    
    248        150.4944         167.604    
    249        157.8708         175.703    
    250        165.2472         183.802    
    251        172.6236         191.901    
    252           180.0           200.0    
    253        29.38926        40.45085    
    254        35.91977        48.42827    
    255        42.45032        56.40575    
    256        48.98084        64.38319    
    257        55.51139        72.36064    
    258        62.04192         80.3381    
    259        68.57244        88.31557    
    260          75.103        96.29303    
    261        81.63352        104.2705    
    262        88.16408        112.2479    
    263        94.69461        120.2254    
    264        101.2251        128.2029    
    265        107.7557        136.1803    
    266        114.2862        144.1577    
    267        120.8168        152.1352    
    268        127.3473        160.1127    
    269        133.8778        168.0901    
    270        140.4084        176.0676    
    271        146.9389        184.0451    
    272        153.4695        192.0225    
    273           160.0           200.0    
    274        26.12493        42.63201    
    275        31.81865        50.50037    
    276        37.51242        58.36879    
    277        43.20616        66.23719    
    278        48.89993        74.10558    
    279        54.59367        81.97398    
    280        60.28743        89.84238    
    281        65.98119        97.71077    
    282        71.67493        105.5792    
    283         77.3687        113.4476    
    284        83.06242         121.316    
    285         88.7562        129.1844    
    286        94.44997        137.0528    
    287        100.1437        144.9212    
    288        105.8375        152.7896    
    289        111.5312         160.658    
    290         117.225        168.5264    
    291        122.9187        176.3948    
    292        128.6125        184.2632    
    293        134.3062        192.1316    
    294           140.0           200.0    
    295        22.69953        44.55032    
    296        27.56452        52.32278    
    297        32.42955        60.09528    
    298        37.29458        67.86776    
    299        42.15961        75.64024    
    300        47.02463        83.41273    
    301        51.88965        91.18521    
    302        56.75468        98.95769    
    303        61.61971        106.7302    
    304        66.48471        114.5027    
    305        71.34975        122.2751    
    306        76.21477        130.0476    
    307         81.0798        137.8201    
    308        85.94482        145.5926    
    309        90.80983        153.3651    
    310        95.67487        161.1375    
    311        100.5399          168.91    
    312        105.4049        176.6825    
    313        110.2699         184.455    
    314         115.135        192.2275    
    315           120.0           200.0    
    316        19.13417        46.19398    
    317        23.17744        53.88425    
    318        27.22074        61.57456    
    319        31.26403        69.26488    
    320        35.30733        76.95517    
    321        39.35062        84.64546    
    322         43.3939        92.33575    
    323        47.43719        100.0261    
    324        51.48048        107.7164    
    325        55.52378        115.4067    
    326        59.56706         123.097    
    327        63.61036        130.7873    
    328        67.65366        138.4776    
    329        71.69695        146.1679    
    330        75.74023        153.8582    
    331        79.78352        161.5485    
    332        83.82681        169.2388    
    333         87.8701        176.9291    
    334        91.91341        184.6194    
    335         95.9567        192.3097    
    336           100.0           200.0    
    337        15.45085        47.55283    
    338        18.67829        55.17516    
    339        21.90575        62.79753    
    340        25.13321        70.41989    
    341        28.36066        78.04225    
    342        31.58813        85.66461    
    343        34.81558        93.28697    
    344        38.04305        100.9093    
    345        41.27049        108.5317    
    346        44.49795        116.1541    
    347        47.72541        123.7764    
    348        50.95287        131.3988    
    349        54.18032        139.0211    
    350        57.40779        146.6435    
    351        60.63524        154.2658    
    352         63.8627        161.8882    
    353        67.09015        169.5105    
    354         70.3176        177.1329    
    355        73.54507        184.7553    
    356        76.77251        192.3776    
    357        79.99999           200.0    
    358        11.67227         48.6185    
    359        14.08864        56.18755    
    360        16.50503        63.75664    
    361        18.92142        71.32571    
    362        21.33781        78.89479    
    363        23.75419        86.46385    
    364        26.17058        94.03294    
    365        28.58697         101.602    
    366        31.00335        109.1711    
    367        33.41974        116.7402    
    368        35.83613        124.3092    
    369        38.25251        131.8783    
    370        40.66891        139.4474    
    371        43.08528        147.0165    
    372        45.50167        154.5855    
    373        47.91806        162.1546    
    374        50.33444        169.7237    
    375        52.75084        177.2928    
    376        55.16722        184.8618    
    377        57.58361        192.4309    
    378            60.0           200.0    
    379        7.821726        49.38442    
    380         9.43063        56.91518    
    381        11.03955        64.44597    
    382        12.64846        71.97675    
    383        14.25737        79.50752    
    384        15.86629        87.03831    
    385         17.4752        94.56908    
    386        19.08412        102.0999    
    387        20.69303        109.6306    
    388        22.30194        117.1614    
    389        23.91086        124.6922    
    390        25.51977         132.223    
    391        27.12868        139.7538    
    392         28.7376        147.2845    
    393        30.34651        154.8153    
    394        31.95543        162.3461    
    395        33.56433        169.8768    
    396        35.17325        177.4077    
    397        36.78217        184.9384    
    398        38.39108        192.4692    
    399            40.0           200.0    
    400        3.922953        49.84587    
    401        4.726802        57.35358    
    402        5.530655        64.86128    
    403        6.334506        72.36899    
    404         7.13836        79.87668    
    405        7.942212        87.38438    
    406        8.746063        94.89211    
    407        9.549915        102.3998    
    408        10.35377        109.9075    
    409        11.15762        117.4152    
    410        11.96147        124.9229    
    411        12.76533        132.4306    
    412        13.56918        139.9384    
    413        14.37303        147.4461    
    414        15.17688        154.9537    
    415        15.98074        162.4615    
    416        16.78459        169.9692    
    417        17.58844        177.4769    
    418        18.39229        184.9846    
    419        19.19614        192.4923    
    420            20.0           200.0    
    421             0.0            50.0    
    422             0.0            57.5    
    423             0.0            65.0    
    424             0.0            72.5    
    425             0.0            80.0    
    426             0.0            87.5    
    427             0.0            95.0    
    428             0.0           102.5    
    429             0.0           110.0    
    430             0.0           117.5    
    431             0.0           125.0    
    432             0.0           132.5    
    433             0.0           140.0    
    434             0.0           147.5    
    435             0.0           155.0    
    436             0.0           162.5    
    437             0.0           170.0    
    438             0.0           177.5    
    439             0.0           185.0    
    440             0.0           192.5    
    441             0.0           200.0    