     383
       1   4    1       1       3       7       4
       2   3    1       1       4       2
       3   4    1       2       4       8       5
       4   4    1       3       6      12       7
       5   4    1       4       7      13       9
       6   4    1       4       9      15       8
       7   4    1       5       8      14      10
       8   4    1       6      11      19      12
       9   4    1       7      12      20      13
      10   4    1       8      15      23      14
      11   4    1       9      13      21      16
      12   4    1       9      16      24      15
      13   4    1      10      14      22      17
      14   4    1      11      18      28      19
      15   4    1      12      19      29      20
      16   4    1      13      20      30      21
      17   4    1      14      23      33      22
      18   4    1      15      24      34      23
      19   4    1      16      21      31      25
      20   4    1      16      25      35      24
      21   4    1      17      22      32      26
      22   4    1      18      27      39      28
      23   4    1      19      28      40      29
      24   4    1      20      29      41      30
      25   4    1      21      30      42      31
      26   4    1      22      33      45      32
      27   4    1      23      34      46      33
      28   4    1      24      35      47      34
      29   4    1      25      31      43      36
      30   4    1      25      36      48      35
      31   4    1      26      32      44      37
      32   4    1      27      38      52      39
      33   4    1      28      39      53      40
      34   4    1      29      40      54      41
      35   4    1      30      41      55      42
      36   4    1      31      42      56      43
      37   4    1      32      45      58      44
      38   4    1      33      46      59      45
      39   4    1      34      47      60      46
      40   4    1      35      48      61      47
      41   4    1      36      43      57      49
      42   4    1      36      49      62      48
      43   4    1      37      44      58      50
      44   4    1      38      51      66      52
      45   4    1      39      52      67      53
      46   4    1      40      53      68      54
      47   4    1      41      54      69      55
      48   4    1      42      55      70      56
      49   4    1      43      56      71      57
      50   4    1      45      59      73      58
      51   4    1      46      60      74      59
      52   4    1      47      61      75      60
      53   4    1      48      62      76      61
      54   4    1      49      57      72      63
      55   4    1      49      63      77      62
      56   4    1      50      58      73      64
      57   4    1      51      65      81      66
      58   4    1      52      66      82      67
      59   4    1      53      67      83      68
      60   4    1      54      68      84      69
      61   4    1      55      69      85      70
      62   4    1      56      70      86      71
      63   4    1      57      71      87      72
      64   4    1      59      74      89      73
      65   4    1      60      75      90      74
      66   4    1      61      76      91      75
      67   4    1      62      77      92      76
      68   4    1      63      72      88      78
      69   4    1      63      78      93      77
      70   4    1      64      73      89      79
      71   4    1      65      80      98      81
      72   4    1      66      81      99      82
      73   4    1      67      82     100      83
      74   4    1      68      83     102      84
      75   4    1      69      84     103      85
      76   4    1      70      85     104      86
      77   4    1      71      86     105      87
      78   4    1      72      87     106      88
      79   4    1      74      90     109      89
      80   4    1      75      91     110      90
      81   4    1      76      92     111      91
      82   4    1      77      93     112      92
      83   4    1      78      88     107      95
      84   4    1      78      94     113      93
      85   4    1      78      95     115      94
      86   4    1      79      89     108      96
      87   4    1      80      97     116      98
      88   4    1      81      98     117      99
      89   4    1      82      99     118     100
      90   4    1      83     100     119     101
      91   4    1      83     101     121     102
      92   4    1      84     102     122     103
      93   4    1      85     103     123     104
      94   4    1      86     104     124     105
      95   4    1      87     105     125     106
      96   4    1      88     106     127     107
      97   4    1      89     109     129     108
      98   4    1      90     110     130     109
      99   4    1      91     111     130     110
     100   4    1      92     112     131     111
     101   4    1      93     113     132     112
     102   4    1      94     114     133     113
     103   4    1      94     115     136     114
     104   4    1      95     107     128     115
     105   4    1      98     116     137     117
     106   4    1      99     117     138     118
     107   4    1     100     118     139     119
     108   4    1     101     119     140     120
     109   4    1     101     120     142     121
     110   4    1     102     121     143     122
     111   4    1     103     122     143     123
     112   4    1     104     123     144     124
     113   4    1     105     124     145     126
     114   4    1     105     126     147     125
     115   4    1     106     125     146     127
     116   4    1     107     127     149     128
     117   4    1     109     130     151     129
     118   4    1     111     131     152     130
     119   4    1     112     132     153     131
     120   4    1     113     133     154     132
     121   4    1     114     134     155     133
     122   4    1     114     135     157     134
     123   4    1     114     136     150     135
     124   4    1     115     128     150     136
     125   4    1     117     137     159     138
     126   4    1     118     138     160     139
     127   4    1     119     139     161     140
     128   4    1     120     140     162     141
     129   4    1     120     141     164     142
     130   4    1     121     142     165     143
     131   4    1     123     143     165     144
     132   4    1     124     144     166     145
     133   4    1     125     147     169     146
     134   4    1     126     145     167     148
     135   4    1     126     148     170     147
     136   4    1     127     146     168     149
     137   4    1     128     149     171     150
     138   4    1     130     152     172     151
     139   4    1     131     153     174     152
     140   4    1     132     154     175     153
     141   4    1     133     155     176     154
     142   4    1     134     156     177     155
     143   4    1     134     157     179     156
     144   4    1     135     150     171     158
     145   4    1     135     158     180     157
     146   4    1     138     159     182     160
     147   4    1     139     160     183     161
     148   4    1     140     161     184     162
     149   4    1     141     162     185     163
     150   4    1     141     163     187     164
     151   4    1     142     164     188     165
     152   4    1     144     165     188     166
     153   4    1     145     166     189     167
     154   4    1     146     169     192     168
     155   4    1     147     170     193     169
     156   4    1     148     167     190     170
     157   4    1     149     168     191     171
     158   4    1     152     173     194     172
     159   4    1     152     174     196     173
     160   4    1     153     175     196     174
     161   4    1     154     176     197     175
     162   4    1     155     177     198     176
     163   4    1     156     178     199     177
     164   4    1     156     179     201     178
     165   4    1     157     180     203     179
     166   4    1     158     171     191     181
     167   4    1     158     181     204     180
     168   4    1     160     182     206     183
     169   4    1     161     183     207     184
     170   4    1     162     184     208     185
     171   4    1     163     185     209     186
     172   4    1     163     186     211     187
     173   4    1     164     187     212     188
     174   4    1     166     188     212     189
     175   4    1     167     189     213     190
     176   4    1     168     192     216     191
     177   4    1     169     193     217     192
     178   4    1     170     190     214     193
     179   4    1     173     195     219     194
     180   4    1     173     196     222     195
     181   4    1     175     197     222     196
     182   4    1     176     198     221     197
     183   4    1     177     199     223     198
     184   4    1     178     200     224     199
     185   4    1     178     201     226     200
     186   4    1     179     202     227     201
     187   4    1     179     203     229     202
     188   4    1     180     204     229     203
     189   4    1     181     191     215     205
     190   4    1     181     205     230     204
     191   4    1     183     206     232     207
     192   4    1     184     207     233     208
     193   4    1     185     208     234     209
     194   4    1     186     209     235     210
     195   4    1     186     210     237     211
     196   4    1     187     211     238     212
     197   4    1     189     212     238     213
     198   4    1     190     213     239     214
     199   4    1     191     216     242     215
     200   4    1     192     217     242     216
     201   4    1     193     214     240     218
     202   4    1     193     218     243     217
     203   4    1     195     220     244     219
     204   4    1     195     221     246     220
     205   4    1     195     222     197     221
     206   4    1     198     223     246     221
     207   4    1     199     224     247     223
     208   4    1     200     225     248     224
     209   4    1     200     226     249     225
     210   4    1     201     227     250     226
     211   4    1     202     228     251     227
     212   4    1     202     229     254     228
     213   4    1     204     230     254     229
     214   4    1     205     215     241     231
     215   4    1     205     231     253     230
     216   4    1     207     232     256     233
     217   4    1     208     233     257     234
     218   4    1     209     234     258     235
     219   4    1     210     235     259     236
     220   4    1     210     236     261     237
     221   4    1     211     237     262     238
     222   4    1     213     238     262     239
     223   4    1     214     239     263     240
     224   4    1     215     242     266     241
     225   4    1     217     243     266     242
     226   4    1     218     240     264     243
     227   4    1     220     245     267     244
     228   4    1     220     246     269     245
     229   4    1     223     247     269     246
     230   4    1     224     248     270     247
     231   4    1     225     249     271     248
     232   4    1     226     250     273     249
     233   4    1     227     251     274     250
     234   4    1     228     252     275     251
     235   4    1     228     253     277     252
     236   4    1     228     254     230     253
     237   4    1     231     241     265     255
     238   4    1     231     255     277     253
     239   4    1     233     256     280     257
     240   4    1     234     257     281     258
     241   4    1     235     258     282     259
     242   4    1     236     259     283     260
     243   4    1     236     260     285     261
     244   4    1     237     261     286     262
     245   4    1     239     262     286     263
     246   4    1     240     263     288     264
     247   4    1     241     266     243     265
     248   4    1     243     264     289     265
     249   4    1     245     268     290     267
     250   4    1     245     269     292     268
     251   4    1     247     270     292     269
     252   4    1     248     271     292     270
     253   4    1     249     272     293     271
     254   4    1     249     273     294     272
     255   4    1     250     274     295     273
     256   4    1     251     275     296     274
     257   4    1     252     276     297     275
     258   4    1     252     277     299     276
     259   4    1     255     265     289     279
     260   4    1     255     278     299     277
     261   4    1     255     279     301     278
     262   4    1     257     280     303     281
     263   4    1     258     281     304     282
     264   4    1     259     282     305     283
     265   4    1     260     283     306     284
     266   4    1     260     284     308     285
     267   4    1     261     285     309     286
     268   4    1     263     286     309     287
     269   4    1     263     287     311     288
     270   4    1     264     288     312     289
     271   4    1     268     291     313     290
     272   4    1     268     292     314     291
     273   4    1     271     293     314     292
     274   4    1     273     295     315     294
     275   4    1     274     296     317     295
     276   4    1     275     297     318     296
     277   4    1     276     298     319     297
     278   4    1     276     299     321     298
     279   4    1     278     300     321     299
     280   4    1     278     301     323     300
     281   4    1     279     289     312     302
     282   4    1     279     302     324     301
     283   4    1     281     303     326     304
     284   4    1     282     304     327     305
     285   4    1     283     305     328     306
     286   4    1     284     306     329     307
     287   4    1     284     307     331     308
     288   4    1     285     308     332     309
     289   4    1     287     309     332     310
     290   4    1     287     310     334     311
     291   4    1     288     311     335     312
     292   4    1     295     316     336     315
     293   4    1     295     317     338     316
     294   4    1     296     318     338     317
     295   4    1     297     319     339     318
     296   4    1     298     320     340     319
     297   4    1     298     321     342     320
     298   4    1     300     322     342     321
     299   4    1     300     323     344     322
     300   4    1     301     324     345     323
     301   4    1     302     312     335     325
     302   4    1     302     325     345     324
     303   4    1     304     326     347     327
     304   4    1     305     327     348     328
     305   4    1     306     328     349     329
     306   4    1     307     329     349     330
     307   4    1     307     330     351     331
     308   4    1     308     331     352     332
     309   4    1     310     332     352     333
     310   4    1     310     333     354     334
     311   4    1     311     334     355     335
     312   4    1     316     337     356     336
     313   4    1     316     338     359     337
     314   4    1     318     339     359     338
     315   4    1     319     340     358     339
     316   4    1     320     341     360     340
     317   4    1     320     342     362     341
     318   4    1     322     343     362     342
     319   4    1     322     344     364     343
     320   4    1     323     345     365     344
     321   4    1     325     335     355     346
     322   4    1     325     346     365     345
     323   4    1     327     347     367     348
     324   4    1     328     348     368     349
     325   4    1     330     349     369     350
     326   4    1     330     350     371     351
     327   4    1     331     351     372     352
     328   4    1     333     352     372     353
     329   4    1     333     353     374     354
     330   4    1     334     354     375     355
     331   4    1     337     357     376     356
     332   4    1     337     358     379     357
     333   4    1     337     359     339     358
     334   4    1     340     360     379     358
     335   4    1     341     361     380     360
     336   4    1     341     362     382     361
     337   4    1     343     363     382     362
     338   4    1     343     364     384     363
     339   4    1     344     365     385     364
     340   4    1     346     355     375     366
     341   4    1     346     366     385     365
     342   4    1     348     367     387     368
     343   4    1     349     368     388     369
     344   4    1     350     369     389     370
     345   4    1     350     370     390     371
     346   4    1     351     371     391     372
     347   4    1     353     372     391     373
     348   4    1     353     373     393     374
     349   4    1     354     374     394     375
     350   4    1     357     377     395     376
     351   4    1     357     378     396     377
     352   4    1     357     379     398     378
     353   4    1     360     380     398     379
     354   4    1     361     381     399     380
     355   4    1     361     382     401     381
     356   4    1     363     383     401     382
     357   4    1     363     384     403     383
     358   4    1     364     385     404     384
     359   4    1     366     375     394     386
     360   4    1     366     386     404     385
     361   4    1     368     387     406     388
     362   4    1     369     388     407     389
     363   4    1     371     390     408     391
     364   4    1     373     391     408     392
     365   4    1     373     392     409     393
     366   4    1     374     393     410     394
     367   4    1     378     397     411     396
     368   4    1     378     398     412     397
     369   4    1     380     399     412     398
     370   4    1     381     400     413     399
     371   4    1     381     401     414     400
     372   4    1     383     402     414     401
     373   4    1     383     403     415     402
     374   4    1     384     404     416     403
     375   4    1     386     394     410     405
     376   4    1     386     405     416     404
     377   4    1     388     406     418     407
     378   4    1     393     409     419     410
     379   4    1     397     412     420     411
     380   4    1     399     413     420     412
     381   4    1     403     416     421     415
     382   4    1     405     410     419     417
     383   4    1     405     417     421     416
            1             0.0           125.0
       2             0.0           132.5
       3             0.0           117.5
       4        9.731633        129.5558
       5             0.0           140.0
       6             0.0           110.0
       7        9.443119        119.7662
       8        9.228347        139.3697
       9        19.04698        131.1566
      10             0.0           147.5
      11             0.0           102.5
      12        9.021271        111.2695
      13        18.98576        121.7964
      14        8.437157        147.9144
      15        18.45246        140.6015
      16        28.70644        132.5258
      17             0.0           155.0
      18             0.0            95.0
      19        8.816603         103.212
      20        18.63662        112.8564
      21        28.72628        123.0361
      22        7.647716        155.8649
      23        17.21259        149.7891
      24        27.95981        142.2258
      25        38.75207        133.4221
      26             0.0           162.5
      27             0.0            87.5
      28        8.637357        95.31819
      29        18.22322        104.2451
      30        28.31341         113.855
      31        38.69719        123.6856
      32        6.581858        163.1828
      33        15.24706        158.6787
      34        26.30361        152.0383
      35        37.96807        143.4545
      36        49.22656        133.6971
      37             0.0           170.0
      38             0.0            80.0
      39        8.506111         87.4838
      40        17.78458        95.80681
      41        27.65138        104.9677
      42        38.11864        114.3163
      43        48.92185          123.65
      44        5.299037        169.1926
      45        12.11048        167.0728
      46        23.41514        161.9234
      47        36.15149        153.7308
      48        48.54292        144.0315
      49        60.17555        133.4085
      50             0.0           177.5
      51             0.0            72.5
      52         8.36081        79.68475
      53        17.49373        87.39231
      54        26.86365        96.24861
      55        37.14186        105.3837
      56        48.09695        113.9993
      57         59.3728        122.8983
      58        7.289268        174.4118
      59        18.58492        171.7234
      60        33.01343        164.2765
      61        46.81812        154.4911
      62        59.64874        144.2367
      63        71.75092        132.5686
      64             0.0           185.0
      65             0.0            65.0
      66         7.71086        71.99781
      67        17.33972        78.93386
      68         26.4173        87.37959
      69        35.77143        96.96819
      70        46.78418        104.9096
      71        58.24077        112.7118
      72        69.95766        121.5621
      73        10.72588        180.8008
      74        27.92227        175.2461
      75        44.04626        164.8773
      76        58.01639        155.1489
      77        71.29877        144.1755
      78        84.32949        130.8507
      79             0.0           192.5
      80             0.0            57.5
      81        6.977651        64.39636
      82        15.53072        70.85646
      83        27.02881        77.75906
      84        34.69088        89.02257
      85         44.5235        96.78281
      86        56.69826        102.9778
      87        68.50098        110.6451
      88        80.34129        119.9694
      89        19.12414        186.9312
      90        40.58455        175.0017
      91        55.39089        165.7529
      92           69.67        156.1711
      93        83.54022        143.2732
      94        97.21939        131.7091
      95        89.88246        123.9326
      96             0.0           200.0
      97             0.0            50.0
      98        6.128486        56.81559
      99        13.69472        63.10341
     100        23.27064        69.07921
     101        34.07239        71.70214
     102        35.00116        81.61449
     103        42.34849        89.68055
     104        52.99516        94.78022
     105        67.26079        99.25377
     106        78.76324        109.5476
     107        88.90511        116.4157
     108            20.0           200.0
     109        39.92694        185.3017
     110        51.99084        174.9081
     111        66.74711        168.8466
     112        82.09921        155.5529
     113        96.11414        142.6188
     114        110.3708        128.8274
     115        97.41663        123.3616
     116         5.22636        49.72548
     117        11.92397        55.57718
     118         20.2812        61.28519
     119        29.85749        65.04614
     120        40.47792        66.66846
     121        40.09597        76.52091
     122        40.75973        84.14243
     123         49.3946        87.53561
     124        60.93761        91.06624
     125        78.31183         99.4731
     126        71.97547        90.33816
     127        88.35419        107.5528
     128        97.63854        115.1421
     129            40.0           200.0
     130        60.45634        182.6219
     131        80.55965        168.3185
     132        94.56667        153.9631
     133         108.879        141.1824
     134         123.809        128.7243
     135        115.2846        117.5573
     136        104.9272          122.52
     137        10.39555        48.90723
     138        17.64543        53.95697
     139        26.30151        58.25609
     140        35.92135        60.78851
     141        46.37829        61.83308
     142         45.9165        71.91157
     143        45.59064         81.2883
     144        56.03914        83.77451
     145        66.54633        84.75854
     146        88.28758        98.22887
     147        80.19776        90.26245
     148        75.09931        83.91949
     149        97.79354        106.3709
     150        106.4317        114.9235
     151            60.0           200.0
     152        81.53738        182.4125
     153        92.88303        165.0053
     154        107.1069        152.8981
     155        121.7793        140.9133
     156        136.9066        127.5665
     157        126.6416        117.2049
     158        116.5413        107.0971
     159        15.45067        47.55226
     160        23.07894        51.60662
     161        31.90851        54.73337
     162         41.5524        56.40245
     163        51.88439        56.90431
     164        51.67123        67.06866
     165        51.27918        77.37238
     166        61.85301        78.47284
     167        71.82329        78.80341
     168        98.00436        97.31865
     169        88.80884         88.7231
     170        81.42051        81.72199
     171        107.2348        105.7189
     172        79.99999           200.0
     173        101.1326        184.2173
     174        91.83102        174.6667
     175        105.0567        163.9558
     176        119.7523        152.9842
     177        134.6719        140.8692
     178        149.7937        127.6395
     179        139.4842         113.701
     180        125.7839        107.5272
     181        118.0722        97.10049
     182        20.33672        45.67701
     183        28.21302         48.7306
     184        37.14515        50.88584
     185        46.77341         51.8218
     186         57.0383        51.77305
     187        57.29299        61.96807
     188        56.95315        72.50932
     189        67.66325        72.88802
     190        78.39327        74.31804
     191        108.1454        95.53468
     192        97.11805        88.83126
     193        89.91745         78.5167
     194           100.0           200.0
     195        121.1844        182.1527
     196        102.8901        174.1378
     197        117.2253        164.4092
     198        132.5583        154.1638
     199         147.503        140.8694
     200        162.0408        128.1116
     201        153.2018        114.3454
     202        144.2926        100.2264
     203        133.7925        107.0495
     204        127.1703        98.29771
     205        121.2329        87.53764
     206        24.99973        43.30079
     207        33.03213        45.42032
     208        42.00131        46.72873
     209        51.57896        46.99137
     210        61.73693        46.32311
     211         62.7914        56.63197
     212        62.68755         67.2319
     213        74.12466        67.51239
     214        85.63926        69.65073
     215        112.6761        86.38609
     216         103.822        89.50415
     217        98.97106        80.21114
     218        95.33524        71.50803
     219           120.0           200.0
     220        141.1465        182.7682
     221         129.383        167.8859
     222        113.7451        173.8641
     223        146.0109        154.2286
     224        159.9113        140.7156
     225        172.4685         129.328
     226        167.0804        115.6278
     227        156.1838        100.6692
     228        144.5029        86.45147
     229        135.6283        99.28347
     230         129.766        89.33636
     231        124.2723        77.66425
     232        29.38903        40.45053
     233         37.5026         41.7067
     234        46.44846        42.24993
     235        55.89624        41.85149
     236        65.73354        40.44037
     237        67.98272        50.90571
     238         68.6273        61.76996
     239        81.09843         61.5881
     240        92.54588        63.80434
     241        115.1984        77.58574
     242        105.8816        83.33499
     243        103.7633        71.64181
     244           140.0           200.0
     245        160.6468        182.1825
     246        145.0006         168.045
     247        159.2257        153.4051
     248        171.5468        140.5371
     249        181.8058        120.5093
     250        169.2536        100.6759
     251        157.0957        87.03818
     252        146.9527         73.3614
     253        134.2087        80.67841
     254        137.0558        91.48913
     255        125.1981        66.17139
     256        33.45621        37.15688
     257        41.58389        37.60771
     258        50.43389        37.42598
     259        59.59028        36.36453
     260        68.71722        34.11371
     261        72.44677        44.56018
     262        74.55035        55.83317
     263        88.59222        54.14097
     264        101.4714        62.13779
     265        113.9633        68.72038
     266        108.2587        77.30495
     267           160.0           200.0
     268        180.1777        180.3793
     269         161.942        166.2729
     270         170.592        151.7639
     271        183.2007        140.3223
     272           200.0           120.0
     273         183.216        100.2668
     274        169.8344        85.84631
     275          157.74        74.25751
     276        149.6074        61.48931
     277        136.4557         69.7905
     278        131.3156        56.39611
     279         119.189        57.47289
     280        37.15689         33.4562
     281         45.2302         33.1382
     282        53.89901        32.23528
     283         62.5511         30.6032
     284        70.89717        27.65875
     285        75.39901        37.41658
     286        79.90885        48.98742
     287        90.45709         43.5081
     288         98.8236        52.90658
     289        110.5287        60.05173
     290           180.0           200.0
     291           200.0           180.0
     292        180.0329        160.2467
     293           200.0           140.0
     294           200.0           100.0
     295        183.1745        80.08674
     296        168.0344        73.59624
     297        159.2879        62.18152
     298        152.1694        50.25385
     299        140.1909        59.25191
     300        135.0188        46.73137
     301        125.0062        51.48265
     302        115.2597        49.86606
     303        40.45053        29.38902
     304        48.40099        28.31656
     305        56.87257        26.68211
     306         64.9214        24.90368
     307        72.21059        21.19867
     308        77.43758        30.05948
     309        82.62261        40.64585
     310        91.89713         34.0421
     311        98.92722        43.47805
     312        107.6648        51.51332
     313           200.0           200.0
     314           200.0           160.0
     315           200.0            80.0
     316        185.4616        60.28555
     317        176.6544        71.47638
     318        168.6605        61.78788
     319        161.4011        50.58905
     320        154.3765         39.4138
     321         143.272        48.85052
     322         137.313        37.14995
     323        127.9454        43.66257
     324        120.5992        47.47327
     325        114.5394         41.8869
     326         43.3008        24.99972
     327        51.09973        23.17694
     328        59.71205         20.8038
     329        66.78632         19.9581
     330        71.57002        14.48593
     331        78.70193        22.63942
     332        84.45215        32.28889
     333        93.01786        25.14999
     334        99.68631        34.35985
     335        107.0264         42.7751
     336           200.0            60.0
     337         184.822        40.51102
     338        177.2383        60.91106
     339        170.4773        50.20573
     340        163.8082        39.31322
     341         155.693        28.87992
     342          145.54        38.61236
     343        138.7138        27.63922
     344        129.7158        35.21418
     345        121.4185        41.34461
     346        114.9877        33.71426
     347        45.67702         20.3367
     348        53.44647        17.78049
     349        63.52486        14.65185
     350        72.12336         7.32191
     351        79.06884        15.13328
     352        85.69709        24.05953
     353        93.86743        16.55235
     354        100.5575        25.50212
     355        107.4271        34.08818
     356           200.0            40.0
     357        187.0838         18.9771
     358        173.8857        38.63208
     359        178.3918        50.25591
     360        165.1439        28.21466
     361        155.8131        18.75033
     362        146.9353        28.54917
     363        139.4739        18.18803
     364        130.9024        26.45713
     365        122.3877        33.78017
     366        115.7248        25.35192
     367        47.55227        15.45065
     368        55.66807        12.19822
     369        64.48477        7.195857
     370            72.5             0.0
     371         79.6561        7.566823
     372        86.44639        15.92642
     373        94.61771        8.108459
     374        101.3652        16.81381
     375        108.1493         25.4542
     376           200.0            20.0
     377           192.5             0.0
     378        181.8365        9.991544
     379        175.5446        25.74836
     380        164.4937        18.02734
     381        155.2958         8.97388
     382        147.4874        18.67749
     383        139.8555        8.786476
     384        131.6957        17.53688
     385        123.2927         25.5647
     386        116.4646        16.84858
     387        48.90723        10.39553
     388        56.85103        6.235811
     389            65.0             0.0
     390            80.0             0.0
     391        87.13816         7.86626
     392            95.0             0.0
     393        102.1146        8.222416
     394        108.9047        16.84579
     395           200.0             0.0
     396           185.0             0.0
     397        176.7671        6.253581
     398         173.434        15.70243
     399         163.059        8.657669
     400           155.0             0.0
     401        147.5378        8.967702
     402           140.0             0.0
     403        132.2469        8.540472
     404        124.0515        17.03021
     405        117.1497        8.263525
     406        49.72549        5.226336
     407            57.5             0.0
     408            87.5             0.0
     409           102.5             0.0
     410        109.6266        8.248716
     411           177.5             0.0
     412        170.5339        7.796223
     413           162.5             0.0
     414           147.5             0.0
     415           132.5             0.0
     416        124.6862        8.345324
     417           117.5             0.0
     418            50.0             0.0
     419           110.0             0.0
     420           170.0             0.0
     421           125.0             0.0