17
       1    4    1      18       1       3       3
       2    4    1       2       9       7       7
       3    4    1      13       8      14      14
       4    4    1      12      13      14      19
       5    4    1      15      16      20      19
       6    4    1      16      17      21      20
       7    4    1      17      18       3      21
       8    4    1      11      12      19      24
       9    4    1      10      11      24      22
      10    4    1       9      10      22       7
      11    4    1      21       3       4      23
      12    4    1       4       5      24      23
      13    4    1       5       6      22      24
      14    4    1       6       7      22      22
      15    4    1      19      20      24      24
      16    4    1      23      24      20      21
      17    4    1      15      19      14      14
       1             0.0             0.0
       2           200.0             0.0
       3        33.33333             0.0
       4        66.66666             0.0
       5           100.0             0.0
       6        133.3333             0.0
       7        166.6667             0.0
       8           100.0           150.0
       9        183.3333            25.0
      10        166.6667            50.0
      11           150.0            75.0
      12        133.3333           100.0
      13        116.6667           125.0
      14        83.33334           125.0
      15        66.66666           100.0
      16            50.0            75.0
      17        33.33333            50.0
      18        16.66667            25.0
      19        97.14561        87.49382
      20        69.08796        58.60122
      21        56.17216         34.0349
      22        144.0116        27.33577
      23        72.22032        22.33035
      24        108.0618          41.346
